3220   313.37768   44.69840    0.8661
3314   313.38780   44.70225   13.8783
3988   312.72581   44.63562    9.4377   K8.2   3928
4097   313.25278   44.61654    1.6827   G6.4   5350
4101   312.99370   44.62339    1.9081   K7.8   3946
4198   312.68440   44.61357    1.9818
4446   313.10924   44.57396    1.4334   G5.0   5500
4476   312.34682   44.57701   11.7162
4766   312.75374   44.53048    6.6024   K5.4   4091
5119   313.14145   44.48802    8.6252   K5.4   4091
5535   312.83745   44.43877    3.8622   K8.3   3921
5548   312.99661   44.42881    4.1573   K7.9   3943
5559   312.93711   44.43862    3.7590   K8.0   3940
5575   313.41700   44.43060    1.3901   G8.7   5150
5886   312.12005   44.40321    9.0413
6060   312.81885   44.38279    2.4266   K4.2   4291
6149   312.94395   44.37257    2.1763   K8.2   3928
6259   312.77765   44.36132    1.3979   K1.9   4775
6315   313.07439   44.35443    3.2233   K7.6   3952
6337   312.84446   44.35212    3.9113   K7.2   3964
6393   313.35269   44.34279    2.7728   K6.6   3990
6620   313.17748   44.32255    8.9487   M0.8   3657
6813   312.81307   44.30490    4.1672   K7.8   3946
6856   312.80221   44.30257    8.0136   K8.0   3940
6861   313.04822   44.29854    3.5217   K4.2   4292
6929   312.74460   44.29190    7.2758   K8.4   3916
7181   312.75654   44.26168    7.3382   K6.8   3979
7422   312.74312   44.24232    4.9010   K3.8   4373
7465   313.14529   44.23348   10.5727   K4.6   4216
7472   313.09386   44.23339    3.0487   K4.1   4311
7566   312.75600   44.22497    7.0943   K9.6   3814
7609   313.30836   44.21606    7.2549   K6.2   4010
7632   312.82600   44.21895    7.8531   K7.1   3966
7954   313.35736   44.17926    1.4492   K6.2   4010
8025   312.45491   44.17952    3.3130
8038   312.78141   44.17628    3.5221
8249   312.76358   44.15360    7.8800   K8.2   3928
9267   312.87064   44.07309    4.8298
9321   312.87737   44.06251    3.1660   K4.5   4235
9961   313.09561   44.01582    3.6251
